   T9           X4          X56
=====  ===========  ===========
 4.50   0.7191E-02   0.9928    
 4.51   0.7477E-02   0.9925    
 4.52   0.7773E-02   0.9922    
 4.53   0.8079E-02   0.9919    
 4.54   0.8395E-02   0.9916    
 4.55   0.8723E-02   0.9913    
 4.56   0.9062E-02   0.9909    
 4.57   0.9412E-02   0.9906    
 4.58   0.9775E-02   0.9902    
 4.59   0.1015E-01   0.9899    
 4.60   0.1054E-01   0.9895    
 4.61   0.1094E-01   0.9891    
 4.62   0.1135E-01   0.9886    
 4.63   0.1178E-01   0.9882    
 4.64   0.1222E-01   0.9878    
 4.65   0.1268E-01   0.9873    
 4.66   0.1315E-01   0.9868    
 4.67   0.1364E-01   0.9864    
 4.68   0.1414E-01   0.9859    
 4.69   0.1466E-01   0.9853    
 4.70   0.1520E-01   0.9848    
 4.71   0.1575E-01   0.9842    
 4.72   0.1633E-01   0.9837    
 4.73   0.1692E-01   0.9831    
 4.74   0.1753E-01   0.9825    
 4.75   0.1815E-01   0.9818    
 4.76   0.1880E-01   0.9812    
 4.77   0.1947E-01   0.9805    
 4.78   0.2016E-01   0.9798    
 4.79   0.2087E-01   0.9791    
 4.80   0.2160E-01   0.9784    
 4.81   0.2236E-01   0.9776    
 4.82   0.2314E-01   0.9769    
 4.83   0.2394E-01   0.9761    
 4.84   0.2477E-01   0.9752    
 4.85   0.2562E-01   0.9744    
 4.86   0.2650E-01   0.9735    
 4.87   0.2740E-01   0.9726    
 4.88   0.2833E-01   0.9717    
 4.89   0.2929E-01   0.9707    
 4.90   0.3028E-01   0.9697    
 4.91   0.3130E-01   0.9687    
 4.92   0.3234E-01   0.9677    
 4.93   0.3342E-01   0.9666    
 4.94   0.3453E-01   0.9655    
 4.95   0.3567E-01   0.9643    
 4.96   0.3684E-01   0.9632    
 4.97   0.3805E-01   0.9620    
 4.98   0.3929E-01   0.9607    
 4.99   0.4057E-01   0.9594    
 5.00   0.4188E-01   0.9581    
 5.01   0.4323E-01   0.9568    
 5.02   0.4462E-01   0.9554    
 5.03   0.4605E-01   0.9539    
 5.04   0.4752E-01   0.9525    
 5.05   0.4903E-01   0.9510    
 5.06   0.5058E-01   0.9494    
 5.07   0.5217E-01   0.9478    
 5.08   0.5381E-01   0.9462    
 5.09   0.5549E-01   0.9445    
 5.10   0.5721E-01   0.9428    
 5.11   0.5899E-01   0.9410    
 5.12   0.6081E-01   0.9392    
 5.13   0.6268E-01   0.9373    
 5.14   0.6460E-01   0.9354    
 5.15   0.6657E-01   0.9334    
 5.16   0.6859E-01   0.9314    
 5.17   0.7067E-01   0.9293    
 5.18   0.7280E-01   0.9272    
 5.19   0.7499E-01   0.9250    
 5.20   0.7723E-01   0.9228    
 5.21   0.7953E-01   0.9205    
 5.22   0.8190E-01   0.9181    
 5.23   0.8432E-01   0.9157    
 5.24   0.8680E-01   0.9132    
 5.25   0.8935E-01   0.9107    
 5.26   0.9196E-01   0.9080    
 5.27   0.9464E-01   0.9054    
 5.28   0.9738E-01   0.9026    
 5.29   0.1002       0.8998    
 5.30   0.1031       0.8969    
 5.31   0.1060       0.8940    
 5.32   0.1091       0.8909    
 5.33   0.1122       0.8878    
 5.34   0.1153       0.8847    
 5.35   0.1186       0.8814    
 5.36   0.1219       0.8781    
 5.37   0.1253       0.8747    
 5.38   0.1288       0.8712    
 5.39   0.1324       0.8676    
 5.40   0.1361       0.8639    
 5.41   0.1398       0.8602    
 5.42   0.1437       0.8563    
 5.43   0.1476       0.8524    
 5.44   0.1516       0.8484    
 5.45   0.1557       0.8443    
 5.46   0.1599       0.8401    
 5.47   0.1642       0.8358    
 5.48   0.1686       0.8314    
 5.49   0.1731       0.8269    
 5.50   0.1777       0.8223    
 5.51   0.1825       0.8175    
 5.52   0.1873       0.8127    
 5.53   0.1922       0.8078    
 5.54   0.1972       0.8028    
 5.55   0.2024       0.7976    
 5.56   0.2076       0.7924    
 5.57   0.2130       0.7870    
 5.58   0.2185       0.7815    
 5.59   0.2241       0.7759    
 5.60   0.2298       0.7702    
 5.61   0.2356       0.7644    
 5.62   0.2416       0.7584    
 5.63   0.2477       0.7523    
 5.64   0.2539       0.7461    
 5.65   0.2603       0.7397    
 5.66   0.2667       0.7333    
 5.67   0.2734       0.7266    
 5.68   0.2801       0.7199    
 5.69   0.2870       0.7130    
 5.70   0.2940       0.7060    
 5.71   0.3012       0.6988    
 5.72   0.3085       0.6915    
 5.73   0.3159       0.6841    
 5.74   0.3235       0.6765    
 5.75   0.3313       0.6687    
 5.76   0.3392       0.6608    
 5.77   0.3472       0.6528    
 5.78   0.3554       0.6446    
 5.79   0.3638       0.6362    
 5.80   0.3723       0.6277    
 5.81   0.3810       0.6190    
 5.82   0.3898       0.6102    
 5.83   0.3988       0.6012    
 5.84   0.4079       0.5921    
 5.85   0.4172       0.5828    
 5.86   0.4267       0.5733    
 5.87   0.4363       0.5637    
 5.88   0.4461       0.5539    
 5.89   0.4561       0.5439    
 5.90   0.4662       0.5338    
 5.91   0.4765       0.5235    
 5.92   0.4870       0.5130    
 5.93   0.4976       0.5024    
 5.94   0.5084       0.4916    
 5.95   0.5194       0.4806    
 5.96   0.5305       0.4695    
 5.97   0.5418       0.4582    
 5.98   0.5532       0.4468    
 5.99   0.5648       0.4352    
 6.00   0.5766       0.4234    
 6.01   0.5885       0.4115    
 6.02   0.6006       0.3994    
 6.03   0.6128       0.3872    
 6.04   0.6252       0.3748    
 6.05   0.6377       0.3623    
 6.06   0.6503       0.3497    
 6.07   0.6631       0.3369    
 6.08   0.6760       0.3240    
 6.09   0.6890       0.3110    
 6.10   0.7020       0.2980    
 6.11   0.7152       0.2848    
 6.12   0.7285       0.2715    
 6.13   0.7418       0.2582    
 6.14   0.7551       0.2449    
 6.15   0.7685       0.2315    
 6.16   0.7818       0.2182    
 6.17   0.7951       0.2049    
 6.18   0.8084       0.1916    
 6.19   0.8216       0.1784    
 6.20   0.8347       0.1653    
 6.21   0.8476       0.1524    
 6.22   0.8603       0.1397    
 6.23   0.8727       0.1273    
 6.24   0.8849       0.1151    
 6.25   0.8966       0.1034    
 6.26   0.9080       0.9205E-01
 6.27   0.9188       0.8123E-01
 6.28   0.9290       0.7099E-01
 6.29   0.9386       0.6140E-01
 6.30   0.9475       0.5251E-01
 6.31   0.9556       0.4440E-01
 6.32   0.9629       0.3709E-01
 6.33   0.9694       0.3062E-01
 6.34   0.9750       0.2498E-01
 6.35   0.9798       0.2015E-01
 6.36   0.9839       0.1609E-01
 6.37   0.9873       0.1273E-01
 6.38   0.9900       0.9986E-02
 6.39   0.9922       0.7782E-02
 6.40   0.9940       0.6030E-02
 6.41   0.9953       0.4652E-02
 6.42   0.9964       0.3576E-02
 6.43   0.9973       0.2742E-02
 6.44   0.9979       0.2099E-02
 6.45   0.9984       0.1604E-02
 6.46   0.9988       0.1225E-02
 6.47   0.9991       0.9354E-03
 6.48   0.9993       0.7140E-03
 6.49   0.9995       0.5450E-03
 6.50   0.9996       0.4161E-03

T9(X4 = X56) =  5.932
